%Data filename = 
%Multiplication factor for 99.99% Chi2 CL = 4.64272
%Multiplication factor for  99.9% Chi2 CL = 3.74296
%Multiplication factor for   99% Chi2 CL = 2.80198
%Multiplication factor for   95% Chi2 CL = 2.09860
%Multiplication factor for   90% Chi2 CL = 1.77411
%     Frequency       Real_Power   SWA_background        90%Chi2CL        95%Chi2CL        99%Chi2CL      99.9%Chi2CL     99.99%Chi2CL
      0.0000000    12200.1524574    96255.1752062   170766.9588739   202000.9060451   269705.2976887   360279.0216870   446886.1677126
      0.0056747    49872.2415787    96165.8084908   170608.4127783   201813.3612462   269454.8937336   359944.5258772   446471.2627595
      0.0113494    65958.9485073    95898.6072115   170134.3691773   201252.6132095   268706.2004771   358944.4028678   445230.7210904
      0.0170242   145142.7829590    95456.2482811   169349.5772000   200324.2796988   267466.7185818   357288.6722297   443176.9708716
      0.0226989   328642.1901183    94843.1283388   168261.8369538   199037.5874913   265748.7673526   354993.7903957   440330.4244828
      0.0283736   298477.0481882    94065.2689825   166881.8313965   197405.1734999   263569.2192004   352082.2959509   436719.0385390
      0.0340483   303392.6737864    93130.1890591   165222.8997651   195442.8167606   260949.1418012   348582.3316186   432377.7209673
      0.0397231    87643.2453287    92046.7486397   163300.7607722   193169.1110000   257913.3609177   344527.0602682   427347.6066288
      0.0453978    59259.5316344    90824.9701830   161133.1953294   190605.0893284   254489.9593015   339953.9955354   421675.2270282
      0.0510725   106069.0597840    89475.8429707   158739.6995960   187773.8138289   250709.7287256   334904.2698335   415411.6023622
      0.0567472    89173.2100160    88011.1171794   156141.1196398   184699.9433973   246605.5929765   329421.8635731   408611.2854519
      0.0624220    63900.4971509    86443.0939280   153359.2789594   181409.2931355   242212.0195723   323552.8193187   401331.3869924
      0.0680967    98724.0184581    84784.4173383   150416.6095770   177928.3979708   237564.4371183   317344.4634796   393630.6101453
      0.0737714    99000.6450596    83047.8741026   147335.7964500   174284.0920284   232698.6737002   310844.6561007   385568.3199879
      0.0794461   121842.7169781    81246.2053222   144139.4436526   170503.1137562   227650.4296580   304101.0865811   377203.6699309
      0.0851209   100218.2969951    79391.9345149   140849.7692428   166611.7449823   222454.7956673   297160.6299151   368594.8032056
      0.0907956   120109.8509954    77497.2147536   137488.3340696   162635.4901196   217145.8244235   290068.7745371   359798.1431696
      0.0964703   195711.4265753    75573.6969408   134075.8080778   158598.7997271   211756.1615487   282869.1292785   350867.7817418
      0.1021450   237456.8299039    73632.4203019   130631.7760323   154524.8406999   206316.7387575   275603.0134900   341854.9709940
      0.1078198   108587.8666420    71683.7253317   127174.5830749   150435.3135785   200856.5299332   268309.1312034   332807.7189849
      0.1134945    99375.4673334    69737.1886824   123721.2192092   146350.3159046   195402.3686858   261023.3274199   323770.4874628
      0.1191692    56780.9735229    67801.5788623   120287.2407053   142288.2492513   189978.8242206   253778.4222928   314783.9861880
      0.1248439    26647.6476584    65884.8311301   116886.7255594   138265.7665356   184608.1309918   246604.1171574   305885.0563727
      0.1305187     7925.3183847    63994.0396189   113532.2595213   134297.7554902   179310.1666352   239526.9650522   297106.6341159
      0.1361934    35952.8109599    62135.4645056   110234.9488131   130397.3537089   174102.4720554   232570.3975523   288477.7836879
      0.1418681   148048.1762288    60314.5519355   107004.4554780   126575.9904606   169000.3072551   225754.7993475   280023.7900356
      0.1475428   177804.5066301    58535.9644107   103849.0512926   122843.4504623   164016.7364826   219097.6219847   271766.2998672
      0.1532176   146045.7355642    56803.6194282   100775.6863151   119207.9549651   159162.7364956   212613.5284886   263723.5010387
      0.1588923   109492.3950462    55120.7342962    97790.0683937   115676.2558050   154447.3221346   206314.5611068   255910.3306226
      0.1645670    23573.5945357    53489.8752438    94896.7502928   112253.7384649   149877.6839278   200210.3251251   248338.7029106
      0.1702417    16184.9006173    51913.0091541    92099.2214730   108944.5306415   145459.3330470   194308.1825034   241017.7495974
      0.1759165    18972.8401874    50391.5564816    89400.0019723   105751.6132976   141196.2495808   188613.4499426   233954.0654607
      0.1815912    12799.9122133    48926.4441443    86800.7362423   102676.9316615   137091.0307369   183129.5968572   227151.9539246
      0.1872659     8873.4117125    47518.1574051    84302.2851911    99721.5041046   133145.0362133   177858.4395654   220613.6679303
      0.1929406    11033.9421984    46166.7899665    81904.8150571    96885.5272712   129358.5285631   172800.3287922   214339.6425132
      0.1986154    14000.8370563    44872.0916931    79607.8820731    94168.4762272   125730.8069107   167954.3282906   208328.7163628
      0.2042901    23921.5717540    43633.5135419    77410.5121785    91569.1987524   122260.3328478   163318.3830167   202578.3404251
      0.2099648    21113.6344726    42450.2494293    75311.2752946    89086.0032013   118944.8477422   158889.4758334   197084.7722762
      0.2156395    84918.7441750    41321.2748803    73308.3538936    86716.7396131   115781.4810332   154663.7721750   191843.2555623
      0.2213143    76426.6288050    40245.3824092    71399.6057668    84458.8739606   112766.8493671   150636.7524734   186848.1842608
      0.2269890    60082.2861435    39221.2136564    69582.6210393    82309.5555933   109897.1466443   146803.3324466   182093.2518838
      0.2326637    40467.7940110    38247.2883690    67854.7735844    80265.6780558   107168.2252227   143157.9715714   177571.5860265
      0.2383384    27017.8907688    37322.0303559    66213.2670708    78323.9335566   104575.6686424   139694.7702312   173275.8688691
      0.2440132    32624.7282071    36443.7905781    64655.1759272    76480.8614261   102114.8563255   136407.5561435   169198.4443795
      0.2496879    36272.1087674    35610.8675556    63177.4815464    74732.8909420    99781.0207552   133289.9607412   165331.4130566
      0.2553626    62736.5850856    34821.5252803    61777.1040646    73076.3789212    97569.2976671   130335.4862194   161666.7150944
      0.2610373    65130.8451240    34074.0088267    60450.9300566    71507.6424809    95474.7697916   127537.5639673   158196.2028593
      0.2667121    61543.1467327    33366.5578501    59195.8364831    70022.9873656    93492.5046735   124889.6050894   154911.7035574
      0.2723868    46153.2912275    32697.4181519    58008.7112082    68618.7322175    91617.5870796   122385.0436949   151805.0729294
      0.2780615    30589.7807556    32064.8514832    56886.4703930    67291.2291515    89845.1464673   120017.3735924   148868.2407666
      0.2837362    30566.0115212    31467.1437450    55826.0730425    66036.8809628    88170.3799612   117780.1789821   146093.2489806
      0.2894110    27256.4610003    30902.6117292    54824.5329662    64852.1552747    86588.5712424   115667.1596881   143472.2829022
      0.2950857    23296.0908294    30369.6085340    53878.9283841    63733.5959023    85095.1057208   113672.1514266   140997.6964210
      0.3007604    22117.4378825    29866.5277714    52986.4093927    62677.8316835    83685.4823260   111789.1415564   138662.0315224
      0.3064351    41061.2945937    29391.8066771    52144.2034811    61681.5830044    82355.3222201   110012.2807170   136458.0327234
      0.3121099    50037.6743667    28943.9282189    51349.6192721    60741.6662242    81100.3747055   108335.8907213   134378.6568628
      0.3177846    41887.4239744    28521.4222943    50600.0486470    59854.9961891    79916.5205811   106754.4690384   132417.0786613
      0.3234593    37210.7485941    28122.8661002    49892.9674012    59018.5870075    78799.7731777   105262.6901767   130566.6924371
      0.3291340    24715.2371166    27746.8837524    49225.9345689    58229.5512517    77746.2772920   103855.4042601   128821.1103403
      0.3348088    12054.5320610    27392.1452300    48596.5905516    57485.0977429    76752.3062295   102527.6330778   127174.1574523
      0.3404835    22819.8876663    27057.3647192    48002.6541778    56782.5280747    75814.2571622   101274.5638829   125619.8640944
      0.3461582    21197.5477904    26741.2984285    47441.9188288    56119.2320290    74928.6450085   100091.5412168   124152.4556866
      0.3518329    28167.7544286    26442.7419524    46912.2477604    55492.6820428    74092.0950452    98974.0570407   122766.3405068
      0.3575077    23845.0422710    26160.5272600    46411.5687615    54900.4268895    73301.3344710    97917.7394656   121456.0957115
      0.3631824    46626.4544114    25893.5193913    45937.8682915    54340.0847439    72553.1831477    96918.3403839   120216.4519943
      0.3688571    54637.2073087    25640.6129438    45489.1852484    53809.3358108    71844.5437569    95971.7223210   119042.2772772
      0.3745318    65451.5636126    25400.7284404    45063.6045247    53305.9147019    71172.3916231    95073.8448404   117928.5598464
      0.3802066    41559.8182546    25172.8086701    44659.2505151    52827.6027566    70533.7644599    94220.7508465   116870.3913640
      0.3858813    45614.7215362    24955.8150981    44274.2807479    52372.2205077    69925.7523107    93408.5531471   115862.9501991
      0.3915560    43971.1842440    24748.7244421    43906.8798112    51937.6204974    69345.4879572    92633.4216411   114901.4855359
      0.3972307    27903.1971493    24550.5255169    43555.2537543    51521.6806543    68790.1380758    91891.5715044   113981.3027203
      0.4029055    31617.7424168    24360.2164433    43217.6251367    51122.2984370    68256.8954191    91179.2527464   113097.7503045
      0.4085802    17919.1477253    24176.8023212    42892.2288993    50737.3859504    67742.9722946    90492.7414984   112246.2092426
      0.4142549    18320.8853417    23999.2934585    42577.3092226    50364.8662285    67245.5956023    89828.3333846   111422.0846672
      0.4199296    12270.7849076    23826.7042423    42271.1175241    50002.6708662    66762.0036724    89182.3392981   110620.8006504
      0.4256044     9605.5668956    23658.0527310    41971.9117345    49648.7391632    66289.4451220    88551.0838734   109837.7983089
      0.4312791     9800.8371041    23492.3610326    41677.9569692    49301.0189173    65825.1799152    87930.9069027   109068.5375608
      0.4369538    17992.0557438    23328.6565216    41387.5276865    48957.4689786    65366.4827721    87318.1678895   108308.5027740
      0.4426285    21196.8964346    23165.9739280    41098.9113943    48616.0636335    64910.6490235    86709.2538696   107553.2124672
      0.4483033    29327.9558512    23003.3583149    40810.4139327    48274.7988536    64455.0029531    86100.5905550   106798.2331325
      0.4539780    26351.1557598    22839.8689364    40520.3663179    47931.7003915    63996.9086075    85488.6567735   106039.1971465
      0.4596527    16443.0710873    22674.5839443    40227.1330929    47584.8336584    63533.7829843    84870.0020868   105271.8246229
      0.4653274    12699.3580732    22506.6058867    39929.1220821    47232.3152638    63063.1114392    84241.2673706   104491.9489407
      0.4710022     9921.9470457    22335.0679141    39624.7954021    46872.3260392    62582.4650754    83599.2080444   103695.5455575
      0.4766769    24444.7245852    22159.1405823    39312.6815301    46503.1253148    62089.5198049    82940.7195336   102878.7635931
      0.4823516    20750.3557436    21978.0391151    38991.3881893    46123.0661606    61582.0766982    82262.8644539   102037.9595479
      0.4880263    20387.8345469    21791.0309655    38659.6157634    45730.6112555    61058.0831722    81562.9009140   101169.7324099
      0.4937011    20048.8062597    21597.4434953    38316.1709201    45324.3490022    60515.6545063    80838.3112573   100270.9593052
      0.4993758    37530.8729490    21396.6715722    37959.9800903    44903.0094713    59953.0951305    80086.8304992    99338.8307719
      0.5050505    35656.6672804    21188.1848762    37590.1024295    44465.4797343    59368.9190975    79306.4736747    98370.8846807
      0.5107252    33232.0082451    20971.5346996    37205.7418824    44010.8181341    58761.8691361    78495.5612896    97365.0378056
      0.5164000    11866.9187898    20746.3600268    36806.2579689    43538.2670446    58130.9336875    77652.7420787    96319.6140520
      0.5220747    15829.5868743    20512.3926917    36391.1749336    43047.2636926    57475.3613546    76777.0123071    95233.3683979
      0.5277494    13419.4506862    20269.4614233    35960.1889234    42537.4486492    56794.6722392    75867.7309150    94105.5056797
      0.5334241    24608.7956910    20017.4946198    35513.1729092    42008.6716511    56088.6657144    74924.6298997    92935.6934700
      0.5390989    39188.6511682    19756.5217189    35050.1791165    41460.9944762    55357.4242641    73947.8194455    91724.0684399
      0.5447736    43919.6103298    19486.6730717    34571.4388020    40894.6906787    54601.3131294    72937.7874505    90471.2357732
      0.5504483    56822.7507086    19208.1782681    34077.3592830    40310.2420760    53820.9756177    71895.3932606    89178.2613929
      0.5561230    27705.3569672    18921.3629083    33568.5182088    39708.3319717    53017.3240548    70821.8555832    87846.6569706
      0.5617978    27910.5496912    18626.6438585    33045.6551446    39089.8352004    52191.5264924    69718.7347307    86478.3579007
      0.5674725    21263.0644596    18324.5230761    32509.6606163    38455.8051688    51344.9894061    68587.9095082    85075.6946324
      0.5731472    19160.6586520    18015.5801308    31961.5628427    37807.4581606    50479.3367401    67431.5492205    83641.3579480
      0.5788219    24002.9006761    17700.4635863    31402.5124448    37146.1552502    49596.3857583    66252.0814139    82178.3589491
      0.5844967    20911.5639936    17379.8814377    30833.7654817    36473.3822349    48698.1202509    65052.1560842    80689.9846619
      0.5901714    16759.7042615    17054.5908254    30256.6652011    35790.7280474    47786.6617111    63834.6071750    79179.7502788
      0.5958461    25728.9926118    16725.3872590    29672.6229223    35099.8621429    46864.2391434    62602.4122455    77651.3491319
      0.6015208    20493.7737401    16393.0935961    29083.0984822    34402.5113683    45933.1581798    61358.6512161    76108.6015211
      0.6071956    17948.6905536    16058.5490139    28489.5806709    33700.4368193    44995.7701802    60106.4650917    74555.4035142
      0.6128703    13238.7343392    15722.5982062    27893.5680656    32995.4111687    44054.4419619    58849.0155256    72995.6767917
      0.6185450    16040.9144258    15386.0810188    27296.5506421    32289.1969147    43111.5267575    57589.4460240    71433.3205243
      0.6242197    14022.8387273    15049.8227123    26699.9925008    31583.5259474    42169.3369326    56330.8455023    69872.1661691
      0.6298945    16333.1643943    14714.6250156    26105.3159946    30880.0807737    41230.1189177    55076.2147982    68315.9359322
      0.6355692    18774.6181695    14381.2581001    25513.8874900    30180.4776738    40296.0307196    53828.4366305    66768.2055067
      0.6412439    26023.3082707    14050.4535714    24927.0049329    29486.2519931    39369.1222837    52590.2493670    65232.3715342
      0.6469186    33533.5682277    13722.8985416    24345.8873339    28798.8457038    38451.3188862    51364.2248396    63711.6240868
      0.6525933    19631.5763404    13399.2308148    23771.6662257    28119.5973006    37544.4076432    50152.7503220    62208.9243129
      0.6582681    15186.6057537    13080.0351855    23205.3790959    27449.7340317    36650.0271382    48958.0146749    60726.9872513
      0.6639428     7073.0388492    12765.8408231    22647.9647475    26790.3664107    35769.6600943    47781.9985566    59268.2696889
      0.6696175    13367.0784271    12457.1196932    22100.2604979    26142.4849037    34904.6289511    46626.4685143    57834.9628318
      0.6752922    13485.1172395    12154.2859460    21563.0010941    25506.9586458    34056.0941502    45492.9746952    56428.9894654
      0.6809670    15998.0444262    11857.6961878    21036.8191934    24884.5360098    33225.0548959    44382.8518608    55052.0052135
      0.6866417     7294.9925655    11567.6505392    20522.2472420    24275.8468283    32412.3521209    43297.2233500    53705.4034533
      0.6923164    10490.0594982    11284.3943796    20019.7205690    23681.4060540    31618.6733740    42237.0076074    52390.3234135
      0.6979911     8442.9145585    11008.1206721    19529.5815116    23101.6186388    30844.5593342    41202.9268855    51107.6609684
      0.7036659    14707.1810982    10738.9727646    19052.0843841    22536.7854122    30090.4116598    40195.5177293    49858.0816423
      0.7093406    11871.1386716    10477.0475649    18587.4011117    21987.1097450    29356.5018850    39215.1428612    48642.0353522
      0.7150153    19398.0360696    10222.3989947    18135.6273570    21452.7047971    28642.9810974    38262.0041075    47459.7724412
      0.7206900    17888.5951672     9975.0416312    17696.7889814    20933.6011598    27949.8901417    37336.1560296    46311.3605868
      0.7263648    17230.9282739     9734.9544556    17270.8486956    20429.7547236    27277.1701242    36437.5199559    45196.7022054
      0.7320395     3241.5533090     9502.0846370    16857.7127718    19941.0546174    26624.6730132    35565.8981419    44115.5520170
      0.7377142     8577.5924054     9276.3512860    16457.2377034    19467.3310868    25992.1721579    34720.9878220    43067.5344746
      0.7433889    10145.1127141     9057.6491255    16069.2367178    19008.3631977    25379.3725741    33902.3949488    42052.1608058
      0.7490637    20522.2276077     8845.8520329    15693.4860600    18563.8862696    24785.9208685    33109.6474509    41068.8454586
      0.7547384    18025.0511026     8640.8164169    15329.7309836    18133.5989617    24211.4147005    32342.2078717    40116.9217776
      0.7604131    11335.8039626     8442.3843996    14977.6913966    17717.1699522    23655.4116994    31599.4852815    39195.6567802
      0.7660878     9697.9757998     8250.3867839    14637.0671249    17314.2441640    23117.4377775    30880.8463822    38304.2649301
      0.7717626     9893.5849794     8064.6457889    14307.5427666    16924.4485068    22596.9947963    30185.6257480    37441.9208406
      0.7774373    10040.5648128     7884.9775471    13988.7921207    16547.3971165    22093.5675619    29513.1351701    36607.7708650
      0.7831120    12384.7763439     7711.1943565    13680.4821842    16182.6960823    21606.6301371    28862.6720886    35800.9435554
      0.7887867    15264.7299362     7543.1066908    13382.2767169    15829.9476643    21135.6514719    28233.5271138    35020.5589929
      0.7944615    12895.2844592     7380.5249691    13093.8393824    15488.7540089    20680.1003649    27624.9906535    34265.7370069
      0.8001362     4475.6956208     7223.2610958    12814.8364786    15158.7203788    20239.4497747    27036.3586730    33535.6043205
      0.8058109     2159.6931191     7071.1297769    12544.9392744    14839.4579163    19813.1805110    26466.9376249    32829.3006651
      0.8114856     2033.4424710     6923.9496278    12283.8259740    14530.5859683    19400.7843375    25916.0485945    32145.9839221
      0.8171604     2188.0314488     6781.5440843    12031.1833340    14231.7339976    19001.7665247    25383.0307098    31484.8343534
      0.8228351     4381.7669208     6643.7421326    11786.7079572    13942.5431146    18615.6478943    24867.2438729    30845.0579883
      0.8285098     7351.3176532     6510.3788721    11550.1072926    13662.6672596    18241.9663982    24368.0708681    30225.8892394
      0.8341845     6041.9198479     6381.2959286    11321.1003676    13391.7740690    17880.2782748    23884.9189079    29626.5928194
      0.8398593     3865.1986587     6256.3417327    11099.4182814    13129.5454589    17530.1588287    23417.2206736    29046.4650323
      0.8455340     2682.8782833     6135.3716777    10884.8044867    12875.6779587    17191.2028752    22964.4349094    28484.8345104
      0.8512087     7537.3331419     6018.2481747    10677.0148862    12629.8828245    16863.0248925    22526.0466258    27941.0624664
      0.8568834     8252.1879457     5904.8406165    10475.8177683    12391.8859638    16545.2589210    22101.5669648    27414.5425262
      0.8625582    13312.0155433     5795.0252638    10280.9936066    12161.4276981    16237.5582459    21690.5327762    26904.7002032
      0.8682329    10142.5453891     5688.6850675    10092.3347435    11938.2623884    15939.5948978    21292.5059503    26410.9920710
      0.8739076     7923.1394211     5585.7094361     9909.6449776    11722.1579471    15651.0590006    20907.0725470    25932.9046828
      0.8795823     5582.5717805     5485.9939578     9732.7390716    11512.8952564    15371.6579949    20533.8417583    25469.9532846
      0.8852571     3521.8215376     5389.4400874     9561.4421956    11310.2675093    15101.1157586    20172.4447333    25021.6803577
      0.8909318     7723.4749863     5295.9548025     9395.5893178    11114.0794891    14839.1716444    19822.5332929    24587.6540247
      0.8966065     9926.1202543     5205.4502362     9235.0245532    10924.1467986    14585.5794511    19483.7785554    24167.4663444
      0.9022812    11382.9726719     5117.8432909     9079.6004776    10740.2950494    14340.1063405    19155.8694899    23760.7315171
      0.9079560    10690.0002808     5033.0552356     8929.1774140    10562.3590169    14102.5317100    18838.5114099    23367.0840171
      0.9136307     4883.9893420     4951.0112909     8783.6226954    10390.1817690    13872.6460287    18531.4244187    22986.1766637
      0.9193054     3255.1281849     4871.6402018     8642.8099083    10223.6137702    13650.2496416    18234.3418124    22617.6786402
      0.9249801     3507.0290681     4794.8738017     8506.6181175    10062.5119662    13435.1515470    17947.0084461    22261.2734675
      0.9306549     3963.5313226     4720.6465668     8374.9310767     9906.7388487    13227.1681481    17669.1790666    21916.6569364
      0.9363296     4365.3670046     4648.8951625     8247.6364239     9756.1615042    13026.1219828    17400.6166159    21583.5350027
      0.9420043     2663.1308813     4579.5579832     8124.6248641     9610.6506473    12831.8404335    17141.0905068    21261.6216485
      0.9476790     3668.9112292     4512.5746855     8005.7893416     9470.0796411    12644.1544186    16890.3748760    20950.6367154
      0.9533538     4299.1382404     4447.8857159     7891.0242021     9334.3235071    12462.8970706    16648.2468177    20650.3037137
      0.9590285     6289.7436711     4385.4318362     7780.2243507     9203.2579279    12287.9024047    16414.4846055    20360.3476161
      0.9647032     6060.3153996     4325.1536468     7673.2844063     9076.7582478    12119.0039846    16188.8659097    20080.4926474
      0.9703779     3037.5350734     4266.9911126     7570.0978599     8954.6984770    11956.0335929    15971.1660209    19810.4600805
      0.9760527     1107.8834736     4210.8830932     7470.5562423     8836.9503068    11798.8199153    15761.1560937    19549.9660581
      0.9817274     8940.0940595     4156.7668833     7374.5483075     8723.3821438    11647.1872528    15558.6014246    19298.7194565
      0.9874021     9735.7116497     4104.5777667     7281.9592419     8613.8581746    11500.9542715    15363.2597837    19056.4198164
      0.9930768     8443.1060885     4054.2485905     7192.6699092     8508.2374724    11359.9328104    15174.8798204    18822.7553652
      0.9987516     4474.6134582     4005.7093651     7106.5561404     8406.3731572    11223.9267598    14993.1995669    18597.4011610
      1.0044263     6960.4085162     3958.8868975     7023.4880832     8308.1116263    11092.7310341    14817.9450647    18380.0173885
      1.0101010     7954.1919373     3913.7044646     6943.3296227     8213.2918686    10966.1306566    14648.8291424    18170.2478436
      1.0157757     8471.1601163     3870.0815349     6865.9378874     8121.7448811    10843.8999795    14485.5503743    17967.7186411
      1.0214505     2932.3665667     3827.9335468     6791.1628560     8033.2932029    10725.8020627    14327.7922498    17772.0371847
      1.0271252     2244.0295302     3787.1717515     6718.8470786     7947.7505859    10611.5882335    14175.2225858    17582.7914381
      1.0327999     1744.6382975     3747.7031293     6648.8255284     7864.9218193    10500.9978525    14027.4932137    17399.5495368
      1.0384746      522.5995290     3709.4303877     6580.9255980     7784.6027251    10393.7583077    13884.2399717    17221.8597783
      1.0441494      143.6128120     3672.2520485     6514.9672545     7706.5803416    10289.5852592    13745.0830315    17049.2510279
      1.0498241     2382.3044176     3636.0626324     6450.7633660     7630.6333099    10188.1831556    13609.6275881    16881.2335738
      1.0554988     5659.0924813     3600.7529456     6388.1202113     7556.5324763    10089.2460381    13477.4649342    16717.3004598
      1.0611735     5753.2982554     3566.2104755     6326.8381809     7484.0417220     9992.4586482    13348.1739397    16556.9293209
      1.0668483     4433.3424591     3532.3198972     6266.7126762     7412.9190264     9897.4978474    13221.3229483    16399.5847352
      1.0725230     2643.4520401     3498.9636931     6207.5352083     7342.9177673     9804.0343536    13096.4720967    16244.7211010
      1.0781977     3872.2548067     3466.0228846     6149.0946968     7273.7882568     9711.7347914    12973.1760536    16091.7860344
      1.0838724     2377.1849216     3433.3778730     6091.1789603     7205.2795047     9620.2640463    12850.9871652    15940.2242703
      1.0895472     1128.5042960     3400.9093809     6033.5763884     7137.1411963     9529.2879061    12729.4589820    15789.4820378
      1.0952219     2720.0788085     3368.4994879     5976.0777775     7069.1258637     9438.4759594    12608.1501328    15639.0118648
      1.1008966     8004.4804534     3336.0327442     5918.4783074     7000.9912244     9347.5047180    12486.6284937    15488.2777494
      1.1065713     8236.7912163     3303.3973475     5860.5796288     6932.5026502     9256.0609139    12364.4755936    15336.7606249
      1.1122461     6149.2663258     3270.4863628     5802.1920278     6863.4357278     9163.8449173    12241.2911796    15183.9640218
      1.1179208     1291.4151469     3237.1989623     5743.1366250     6793.5788600     9070.5742101    12116.6978571    15029.4198240
      1.1235955     2834.2224813     3203.4416591     5683.2475645     6722.7358552     8975.9868439    11990.3457088    14872.6939977
      1.1292702     5890.9996296     3169.1295077     5622.3741439     6650.7284471     8879.8448026    11861.9167870    14713.3921644
      1.1349450     7877.1346036     3134.1872413     5560.3828322     6577.3986811     8781.9371904    11731.1293719    14551.1648817
      1.1406197     4467.8871529     3098.5503170     5497.1591233     6502.6111076     8682.0831592    11597.7418821    14385.7124945
      1.1462944     3447.7364242     3062.1658385     5432.6091734     6426.2547185     8580.1344944    11461.5563287    14216.7894199
      1.1519691     1197.7021732     3024.9933293     5366.6611728     6348.2445696     8475.9777814    11322.4212097    14044.2077363
      1.1576439     1660.2671615     2987.0053309     5299.2664073     6268.5230369     8369.5360820    11180.2337493    13867.8399618
      1.1633186     1254.2996573     2948.1878053     5230.3999720     6187.0606602     8260.7700622    11034.9414041    13687.6209221
      1.1689933     1292.7377768     2908.5403248     5160.0611081     6103.8565420     8149.6785235    10886.5425732    13503.5486312
      1.1746680     1045.9398286     2868.0760384     5088.2731432     6018.9382765     8036.2983088    10735.0864721    13315.6841360
      1.1803428     2345.1621226     2826.8214099     5015.0830272     5932.3614009     7920.7035699    10580.6721547    13124.1503014
      1.1860175     2400.8499025     2784.8157313     4940.5604680     5844.2083731     7803.0044017    10423.4466886    12929.1295485
      1.1916922     3570.9246462     2742.1104181     4864.7966823     5754.5870936     7683.3448698    10263.6025198    12730.8605856
      1.1973669     6530.8337198     2698.7681043     4787.9027896     5663.6290060     7561.9004735    10101.3740851    12529.6342051
      1.2030417     4907.0301937     2654.8615576     4710.0078873     5571.4868204     7438.8751064     9937.0337504    12325.7882470
      1.2087164     2816.2711452     2610.4724418     4631.2568561     5478.3319164     7314.4975895     9770.8871805    12119.7018544
      1.2143911     3846.7305513     2565.6899587     4551.8079492     5384.3514925     7189.0178642     9603.2682532    11911.7891658
      1.2200658     4492.9145313     2520.6094020     4471.8302281     5289.7455322     7062.7029422     9434.5336495    11702.4926043
      1.2257406     6666.2933658     2475.3306619     4391.5009083     5194.7236645     6935.8327136     9265.0572535    11492.2759318
      1.2314153     5155.1553933     2429.9567140     4311.0026797     5099.5019938     6808.6957144     9095.2244987    11281.6172356
      1.2370900     5107.8967240     2384.5921305     4230.5210646     5004.2999753     6681.5849542     8925.4267946    11071.0020160
      1.2427647     3849.9067498     2339.3416456     4150.2418726     4909.3374040     6554.7938963     8756.0561567    10860.9165248
      1.2484395     7915.8002954     2294.3088053     4070.3488053     4814.8315811     6428.6126747     8587.5001533    10651.8414971
      1.2541142     9688.3012738     2249.5947273     3991.0212563     4720.9947120     6303.3246192     8420.1372633    10444.2463944
      1.2597889     8025.6005744     2205.2969918     3912.4323435     4628.0315785     6179.2031483     8254.3327260    10238.5842552
      1.2654636     4519.7750037     2161.5086793     3834.7472014     4536.1375189     6056.5090714     8090.4349368    10035.2872258
      1.2711383     2264.1184310     2118.3175639     3758.1215508     4445.4967360     5935.4883304     7928.7724313     9834.7628177
      1.2768131     2581.3395783     2075.8054692     3682.7005553     4356.2809443     5816.3701931     7769.6514711     9637.3909147
      1.2824878     2190.0770552     2034.0477840     3608.6179629     4268.6483550     5699.3658982     7613.3542338     9443.5215268
      1.2881625     1569.2595263     1993.1131354     3535.9955253     4182.7429885     5584.6677371     7460.1375873     9253.4732702
      1.2938372     4038.5847933     1953.0632084     3464.9426784     4098.6942969     5472.4485505     7310.2324163     9067.5325316
      1.2995120     4567.5782385     1913.9527019     3395.5564636     4016.6170710     5362.8616032     7163.8434558     8885.9532622
      1.3051867     4035.3797604     1875.8294047     3327.9216637     3936.6116006     5256.0407991     7021.1495780     8708.9573330
      1.3108614     1967.2768628     1838.7343777     3262.1111249     3858.7640559     5152.1011900     6882.3044718     8536.7353781
      1.3165361     3033.3813012     1802.7022229     3198.1862346     3783.1470523     5051.1397295     6747.4376505     8369.4480444
      1.3222109     3279.0764360     1767.7614226     3136.1975239     3709.8203631     4953.2362255     6616.6557231     8207.2275685
      1.3278856     4041.5450052     1733.9347330     3076.1853646     3638.8317442     4858.4544398     6490.0438644     8050.1796005
      1.3335603     1488.3257791     1701.2396134     3018.1807313     3570.2178358     4766.8432932     6367.6674242     7898.3851992
      1.3392350     1017.2988587     1669.6886782     2962.2060032     3504.0051102     4678.4381310     6249.5736173     7751.9029295
      1.3449098      512.2253558     1639.2901569     2908.2757806     3440.2108382     4593.2620125     6135.7932468     7610.7709994
      1.3505845     3964.0775250     1610.0483519     2856.3976962     3378.8440484     4511.3269923     6026.3424160     7475.0093830
      1.3562592     4090.1305899     1581.9640826     2806.5732036     3319.9064605     4432.6353666     5921.2241920     7344.6218848
      1.3619339     4526.6820032     1555.0351101     2758.7983308     3263.3933760     4357.1808621     5820.4301946     7219.5981101
      1.3676087      766.2485016     1529.2565356     2713.0643871     3209.2945144     4284.9497526     5723.9420881     7099.9153156
      1.3732834      891.5127831     1504.6211697     2669.3586174     3157.5947878     4215.9218931     5631.7329626     6985.5401223
      1.3789581      613.0627907     1481.1198693     2627.6648010     3108.2750087     4150.0716652     5543.7685959     6876.4300816
      1.3846328      959.6171544     1458.7418432     2587.9637933     3061.3125309     4087.3688323     5460.0085975     6772.5350934
      1.3903076     2031.6679730     1437.4749266     2550.2340122     3016.6818247     4027.7793080     5380.4074340     6673.7986787
      1.3959823     1991.2018247     1417.3058253     2514.4518729     2974.3549916     3971.2658431     5304.9153467     6580.1591174
      1.4016570     1557.7790944     1398.2203351     2480.5921754     2934.3022226     3917.7886374     5233.4791699     6491.5504630
      1.4073317      905.2053575     1380.2035372     2448.6284521     2896.4922088     3867.3058885     5166.0430626     6407.9034513
      1.4130065     1053.2047213     1363.2399743     2418.5332803     2860.8925118     3819.7742855     5102.5491692     6329.1463186
      1.4186812      804.7314783     1347.3138118     2390.2785673     2827.4699009     3775.1494598     5042.9382209     6255.2055487
      1.4243559      725.5343519     1332.4089863     2363.8358153     2796.1906658     3733.3864025     4987.1500938     6186.0065646
      1.4300306     1668.1391336     1318.5093469     2339.1763708     2767.0209121     3694.4398588     4935.1243354     6121.4743815
      1.4357054     2180.0617721     1305.5987899     2316.2716642     2739.9268448     3658.2647067     4886.8006706     6061.5342349
      1.4413801      700.1537648     1293.6613915     2295.0934447     2714.8750458     3624.8163275     4842.1194966     6006.1121941
      1.4470548     1864.0446021     1282.6815382     2275.6140126     2691.8327490     3594.0509729     4801.0223733     5955.1357708
      1.4527295     1914.9887426     1272.6440582     2257.8064512     2670.7681148     3565.9261316     4763.4525131     5908.5345261
      1.4584043     1760.2062969     1263.5343521     2241.6448599     2651.6505050     3540.4008963     4729.3552712     5866.2406793
      1.4640790      380.2351176     1255.3385241     2227.1045859     2634.4507577     3517.4363312     4698.6786360     5828.1897156
      1.4697537      378.7131076     1248.0435118     2214.1624551     2619.1414605     3496.9958359     4671.3737157     5794.3209904
      1.4754284      537.3931929     1241.6372141     2202.7969990     2605.6972178     3479.0455032     4647.3952163     5764.5783213
      1.4811032     1456.7343005     1236.1086142     2192.9886724     2594.0949098     3463.5544641     4626.7019023     5738.9105604
      1.4867779     1851.9502080     1231.4478964     2184.7200614     2584.3139374     3450.4952153     4609.2570341     5717.2721363
      1.4924526     1946.3336159     1227.6465540     2177.9760740     2576.3364482     3439.8439211     4595.0287712     5699.6235542
      1.4981273     1034.3189549     1224.6974853     2172.7441113     2570.1475390     3431.5806829     4583.9905328     5685.9318438
      1.5038021     1494.5414310     1222.5950768     2169.0142141     2565.7354289     3425.6897714     4576.1213073     5676.1709422
      1.5094768     1890.5221635     1221.3352693     2166.7791811     2563.0915996     3422.1598131     4571.4059015     5670.3220044
      1.5151515     1230.4195830     1220.9156075     2166.0346561     2562.2108981     3420.9839280     4569.8351250     5668.3736303
